name,badge_1,badge_2,badge_3,badge_4,mrp,discounted_price,discount,rating,rating_count,link
FUNKkY Leather Recliner Bean Bag Cover Without Beans XXL - Black,,,,,"Rs. 1,999",Rs.  649,68% Off,4.0,(15),https://www.snapdeal.com/product/funkky-leather-recliner-bean-bag/680947190165#bcrumbSearch:chair|bcrumbLabelId:580
PRIMIUM QUALITY DP Styles XXXL Chaise Lounge with foot rest ( No Fillers),,5 left!,,,"Rs. 3,999","Rs.  1,799",55% Off,5.0,(3),https://www.snapdeal.com/product/dp-styles-xxxl-chaise-lounge/663432900339#bcrumbSearch:chair|bcrumbLabelId:580
DuraComf Hydraulic Gas Lift Cylinder for Office Chairs (Chrome) 120mm,,,,,Rs. 899,Rs.  489,46% Off,5.0,(1),https://www.snapdeal.com/product/duracomf-hydraulic-gas-lift-cylinder/672589551452#bcrumbSearch:chair|bcrumbLabelId:580
Chair Handle Armrest ( Y type Model ) ( PP Hard Plastic ) Black,,,,,"Rs. 1,499",Rs.  549,63% Off,5.0,(1),https://www.snapdeal.com/product/chair-handle-armrest-y-type/645011057040#bcrumbSearch:chair|bcrumbLabelId:580
WOOEN CLOOTH CUSHION ROCKING CHAIR// EASY CHAIR // AARAM CHAIR // ROCK N ROLL,,,,,"Rs. 25,999","Rs.  16,000",38% Off,,,https://www.snapdeal.com/product/wooen-clooth-cushion-rocking-chair/650277307047#bcrumbSearch:chair|bcrumbLabelId:580
Office Chair Hydraulic Gas Lift Cylinder Replacement - Universal Size - 120mm - Suites All Types of Office High Back and Low Back Chairs,,,,,Rs. 999,Rs.  399,60% Off,5.0,(1),https://www.snapdeal.com/product/office-chair-hydraulic-gas-lift/686031796900#bcrumbSearch:chair|bcrumbLabelId:580
Nilkamal Plastic Premium Chair Set of 2 ( Brown),,1 left!,,,"Rs. 3,000","Rs.  2,288",24% Off,3.5,(4),https://www.snapdeal.com/product/nilkamal-plastic-premium-chair-set/661670283797#bcrumbSearch:chair|bcrumbLabelId:580
ROCKING CHAIR,,,,,"Rs. 15,000","Rs.  11,040",26% Off,4.0,(1),https://www.snapdeal.com/product/rocking-chair/663873565161#bcrumbSearch:chair|bcrumbLabelId:580
ARMAN ART & CRAFTS BEAUTIFUL SHISHAM WOOD ROCKING CHAIR WITH CUSION // MELLAMINE FINISHING,,,,,"Rs. 19,999","Rs.  13,356",33% Off,5.0,(1),https://www.snapdeal.com/product/arman-art-crafts-rocking-chair/657240512967#bcrumbSearch:chair|bcrumbLabelId:580
Office Chair Wheels (Caster) set of 5,,,,,Rs. 599,Rs.  399,33% Off,,,https://www.snapdeal.com/product/office-chair-wheels-caster-set/678154974935#bcrumbSearch:chair|bcrumbLabelId:580
Homegenic National Tub Chair with Complimentary Cotton Cushions,,,,,"Rs. 3,999","Rs.  3,499",13% Off,5.0,(2),https://www.snapdeal.com/product/homegenic-national-tub-chair-with/5188147442546587861#bcrumbSearch:chair|bcrumbLabelId:580
Prominent Living Room Chair Combo (Set of 2),,,,,"Rs. 3,999","Rs.  2,495",38% Off,3.8,(6),https://www.snapdeal.com/product/cello-prominent-set-of-2/397271092#bcrumbSearch:chair|bcrumbLabelId:580
Tofarch home office chair (model - f1m) fabric | ergonomic office chair | executive desk chair | director desk chair | manager chair,,,,Featured,Rs. 40560,Rs. 19500,52% Off,0.0,,https://clk.snapdeal.biz/rtb/clickTracker/0/3855508287?slotId=19&slotName=sd-cr-198X232-1-4&campaignId=1148138&websiteId=1&position=&trackerId=10.70.96.26:5d43a751-dc0b-483a-94c0-1857b235cd6f:1&category=generic_search&supcCat=rocking-chairs&page=slp&accId=152486&siteId=101&sdId=162722485781223979&eId=&dId=&sellerCode=S61b9b&supc=SDL698400522&pogId=658914885227&brand=TOFARCH&metricsType=CPC&fp=0.0&type=product&acos=0.0&exp=&billingType=prepaid&servingSystem=null&refTag=search_ad&as=3000000&pr=2100000&ct=https%3A%2F%2Fwww.snapdeal.com%2Fproduct%2Ftofarch-home-office-chair-model%2F658914885227%3FvendorCode%3DS61b9b%26pa%3Dtrue%26fv%3Dtrue%26supc%3DSDL698400522%26utm_campaign%3Dnull%26utm_medium%3DProductAds%26isSellerPage%3Dtrue
TOFARCH Home Office Chair RIO Executive Computer Chair with Ergonomic for Work from Home,,,,Featured,Rs. 10999,Rs. 6359,42% Off,0.0,,https://clk.snapdeal.biz/rtb/clickTracker/0/3853968876?slotId=19&slotName=sd-cr-198X232-1-4&campaignId=1148138&websiteId=1&position=&trackerId=10.70.96.26:5d43a751-dc0b-483a-94c0-1857b235cd6f:2&category=generic_search&supcCat=rocking-chairs&page=slp&accId=152486&siteId=101&sdId=162722485781223979&eId=&dId=&sellerCode=S61b9b&supc=SDL716455283&pogId=678117020683&brand=TOFARCH&metricsType=CPC&fp=0.0&type=product&acos=0.0&exp=&billingType=prepaid&servingSystem=null&refTag=search_ad&as=3000000&pr=2100000&ct=https%3A%2F%2Fwww.snapdeal.com%2Fproduct%2Ftofarch-home-office-chair-rio%2F678117020683%3FvendorCode%3DS61b9b%26pa%3Dtrue%26fv%3Dtrue%26supc%3DSDL716455283%26utm_campaign%3Dnull%26utm_medium%3DProductAds%26isSellerPage%3Dtrue
PRIMIUM QUALITY DP Styles XXXL Chaise Lounge with foot rest ( No Fillers),,,,Featured,Rs. 3999,Rs. 1799,50% Off,5.0,,https://clk.snapdeal.biz/rtb/clickTracker/0/3857526762?slotId=19&slotName=sd-cr-198X232-1-4&campaignId=1258671&websiteId=1&position=&trackerId=10.70.96.26:5d43a751-dc0b-483a-94c0-1857b235cd6f:3&category=generic_search&supcCat=bean-bag-covers&page=slp&accId=179792&siteId=101&sdId=162722485781223979&eId=&dId=&sellerCode=S06279&supc=SDL447606393&pogId=663432900339&brand=DP+Styles&metricsType=CPC&fp=60.390243902439025&type=product&acos=0.0&exp=&billingType=prepaid&servingSystem=null&refTag=search_ad&as=1700000&pr=1190000&ct=https%3A%2F%2Fwww.snapdeal.com%2Fproduct%2Fdp-styles-xxxl-chaise-lounge%2F663432900339%3FvendorCode%3DS06279%26pa%3Dtrue%26fv%3Dtrue%26supc%3DSDL447606393%26utm_campaign%3Dnull%26utm_medium%3DProductAds%26isSellerPage%3Dtrue
"TOFARCH Home Office Study Chair Pear Low Back (Back Support, Ergonomics, Height Adjustment, Wheels, Arm Rest, Back Support) Black",,,,Featured,Rs. 7999,Rs. 5665,29% Off,0.0,,https://clk.snapdeal.biz/rtb/clickTracker/0/3854283057?slotId=19&slotName=sd-cr-198X232-1-4&campaignId=1148138&websiteId=1&position=&trackerId=10.70.96.26:5d43a751-dc0b-483a-94c0-1857b235cd6f:4&category=generic_search&supcCat=student-chairs&page=slp&accId=152486&siteId=101&sdId=162722485781223979&eId=&dId=&sellerCode=S61b9b&supc=SDL676629401&pogId=634390043300&brand=TOFARCH&metricsType=CPC&fp=0.0&type=product&acos=0.0&exp=&billingType=prepaid&servingSystem=null&refTag=search_ad&as=3000000&pr=2100000&ct=https%3A%2F%2Fwww.snapdeal.com%2Fproduct%2Ftofarch-home-office-study-chair%2F634390043300%3FvendorCode%3DS61b9b%26pa%3Dtrue%26fv%3Dtrue%26supc%3DSDL676629401%26utm_campaign%3Dnull%26utm_medium%3DProductAds%26isSellerPage%3Dtrue
Office Chair Hydraulic Gas Lift Cylinder Replacement - Universal Size - 160mm - All Types of Office High Back and Low Back Chair,,,,,Rs. 899,Rs.  469,48% Off,,,https://www.snapdeal.com/product/office-chair-hydraulic-gas-lift/621824914250#bcrumbSearch:chair|bcrumbLabelId:580
NILKAMAL PLASTIC CHAIR 2155,,5 left!,,,"Rs. 2,800","Rs.  1,949",30% Off,3.299999999999999,(3),https://www.snapdeal.com/product/nilkamal-plastic-chair-2155/6917529653283831855#bcrumbSearch:chair|bcrumbLabelId:580
The Bean Bag Theory Premium Fabric Black Sofa Chair Jumbo Bean Bag Cover ( Without Beans ),,,,,"Rs. 2,299","Rs.  1,649",28% Off,5.0,(1),https://www.snapdeal.com/product/the-bean-bag-theory-premium/673413584290#bcrumbSearch:chair|bcrumbLabelId:580
Dolphin XXL Bean Bag Cover- Orange and Black,,5 left!,,,"Rs. 1,299",Rs.  649,50% Off,3.4000000000000004,(102),https://www.snapdeal.com/product/dolphin-xxl-original-bean-bag/81684277#bcrumbSearch:chair|bcrumbLabelId:580
PRIMIUM QUALITY Tan XXXL  Cool Chair bean Bag Cover ( No Fillers),,5 left!,,,"Rs. 2,499","Rs.  1,299",48% Off,5.0,(2),https://www.snapdeal.com/product/primium-quality-brown-xxxl-mudda/628201428919#bcrumbSearch:chair|bcrumbLabelId:580
ML Office Solution Mesh Visitor Chair,,,,,"Rs. 5,999","Rs.  4,475",25% Off,,,https://www.snapdeal.com/product/ml-office-solution-mesh-visitor/677504076114#bcrumbSearch:chair|bcrumbLabelId:580
Home Story Modern Mooda Rocker XXL Size Grey Color Cover Only,,1 left!,,,"Rs. 2,399",Rs.  949,60% Off,3.0,(1),https://www.snapdeal.com/product/home-story/619735108590#bcrumbSearch:chair|bcrumbLabelId:580
Home Story Chair Style Bean Bag Cover Without Beans- XL Size - Tan (Only Cover- Fillers NOT Included),,5 left!,,,"Rs. 1,399",Rs.  749,46% Off,4.0,(3),https://www.snapdeal.com/product/home-story/647881816408#bcrumbSearch:chair|bcrumbLabelId:580
Homegenic National Tub Chair with Complimentary Cotton Cushions,,,,,"Rs. 3,999","Rs.  3,499",13% Off,5.0,(2),https://www.snapdeal.com/product/homegenic-national-tub-chair-with/6917529699456858325#bcrumbSearch:chair|bcrumbLabelId:580
Home Story Modern Mooda Rocker Cover Without Beans- XXXL Size- Tan (Only Cover- Fillers NOT Included),,2 left!,,,"Rs. 2,599","Rs.  1,299",50% Off,3.5,(4),https://www.snapdeal.com/product/home-story/676683731997#bcrumbSearch:chair|bcrumbLabelId:580
Style Homez Mambo Lounger XXL Bean Bag Grey Color Cover Only,,,,,"Rs. 2,199","Rs.  1,499",32% Off,5.0,(1),https://www.snapdeal.com/product/style-homez-mambo-lounger-xxl/653938916965#bcrumbSearch:chair|bcrumbLabelId:580
Home Story Modern Mooda Rocker XXXL Size Maroon Color Cover Only,,5 left!,,,"Rs. 2,599","Rs.  1,199",54% Off,2.0,(1),https://www.snapdeal.com/product/home-story/670054146336#bcrumbSearch:chair|bcrumbLabelId:580
Jane (B) LB Black Low Back Mesh Desk Office Chair Ideal as Executive Chair/Employee Chair/Staff Chai.,,,,Featured,Rs. 15700,Rs. 10500,33% Off,0.0,,https://clk.snapdeal.biz/rtb/clickTracker/0/3856629182?slotId=19&slotName=sd-cr-198X232-2-7&campaignId=1148138&websiteId=1&position=&trackerId=10.70.96.26:007976ee-0b1a-44ca-b013-eefbeb0b592d:1&category=generic_search&supcCat=student-chairs&page=slp&accId=152486&siteId=101&sdId=162722485781223979&eId=&dId=&sellerCode=S61b9b&supc=SDL932355912&pogId=641149475575&brand=TOFARCH&metricsType=CPC&fp=0.0&type=product&acos=0.0&exp=&billingType=prepaid&servingSystem=null&refTag=search_ad&as=3000000&pr=2100000&ct=https%3A%2F%2Fwww.snapdeal.com%2Fproduct%2Fjane-b-lb-black-low%2F641149475575%3FvendorCode%3DS61b9b%26pa%3Dtrue%26fv%3Dtrue%26supc%3DSDL932355912%26utm_campaign%3Dnull%26utm_medium%3DProductAds%26isSellerPage%3Dtrue
Tofarch Home Office Chair (Model - Zues) | Ergonomic Office Chair | Office Chair for Director and Managers,,,,Featured,Rs. 19399,Rs. 12599,35% Off,0.0,,https://clk.snapdeal.biz/rtb/clickTracker/0/3854379279?slotId=19&slotName=sd-cr-198X232-2-7&campaignId=1148138&websiteId=1&position=&trackerId=10.70.96.26:007976ee-0b1a-44ca-b013-eefbeb0b592d:2&category=generic_search&supcCat=student-chairs&page=slp&accId=152486&siteId=101&sdId=162722485781223979&eId=&dId=&sellerCode=S61b9b&supc=SDL353518780&pogId=648584727621&brand=TOFARCH&metricsType=CPC&fp=0.0&type=product&acos=0.0&exp=&billingType=prepaid&servingSystem=null&refTag=search_ad&as=3000000&pr=2100000&ct=https%3A%2F%2Fwww.snapdeal.com%2Fproduct%2Ftofarch-home-office-chair-model%2F648584727621%3FvendorCode%3DS61b9b%26pa%3Dtrue%26fv%3Dtrue%26supc%3DSDL353518780%26utm_campaign%3Dnull%26utm_medium%3DProductAds%26isSellerPage%3Dtrue
"TOFARCH Medium Back Office Chair with Mesh Back Support, Armrest, Cushioned Seat, Height Adjustment Lever, and 360 Movement Swivel Tribute MB (Black)",,,,Featured,Rs. 19670,Rs. 12860,35% Off,0.0,,https://clk.snapdeal.biz/rtb/clickTracker/0/3854379280?slotId=19&slotName=sd-cr-198X232-2-7&campaignId=1148138&websiteId=1&position=&trackerId=10.70.96.26:007976ee-0b1a-44ca-b013-eefbeb0b592d:3&category=generic_search&supcCat=student-chairs&page=slp&accId=152486&siteId=101&sdId=162722485781223979&eId=&dId=&sellerCode=S61b9b&supc=SDL359942842&pogId=635075564753&brand=TOFARCH&metricsType=CPC&fp=0.0&type=product&acos=0.0&exp=&billingType=prepaid&servingSystem=null&refTag=search_ad&as=3000000&pr=2100000&ct=https%3A%2F%2Fwww.snapdeal.com%2Fproduct%2Ftofarch-medium-back-office-chair%2F635075564753%3FvendorCode%3DS61b9b%26pa%3Dtrue%26fv%3Dtrue%26supc%3DSDL359942842%26utm_campaign%3Dnull%26utm_medium%3DProductAds%26isSellerPage%3Dtrue
PAN White and Aqua Low Back Adjustable Arms Home Office Revolving Executive Chair,,,,Featured,Rs. 19800,Rs. 10500,47% Off,0.0,,https://clk.snapdeal.biz/rtb/clickTracker/0/3855481264?slotId=19&slotName=sd-cr-198X232-2-7&campaignId=1148138&websiteId=1&position=&trackerId=10.70.96.26:007976ee-0b1a-44ca-b013-eefbeb0b592d:4&category=generic_search&supcCat=student-chairs&page=slp&accId=152486&siteId=101&sdId=162722485781223979&eId=&dId=&sellerCode=S61b9b&supc=SDL140583421&pogId=644584889088&brand=TOFARCH&metricsType=CPC&fp=0.0&type=product&acos=0.0&exp=&billingType=prepaid&servingSystem=null&refTag=search_ad&as=3000000&pr=2100000&ct=https%3A%2F%2Fwww.snapdeal.com%2Fproduct%2Fpan-white-and-aqua-low%2F644584889088%3FvendorCode%3DS61b9b%26pa%3Dtrue%26fv%3Dtrue%26supc%3DSDL140583421%26utm_campaign%3Dnull%26utm_medium%3DProductAds%26isSellerPage%3Dtrue
ARMAN ART & CRAFT SHISHAM WOOD ROCKING CHAIR WITH FIXED CUSHION // MELAMINE FINISHING,,,,,"Rs. 25,999","Rs.  16,000",38% Off,,,https://www.snapdeal.com/product/arman-art-craft-shisham-wood/653929780827#bcrumbSearch:chair|bcrumbLabelId:580
Home Story Modern Mooda Rocker Cover Without Beans- XXXL Size- Brown (Only Cover- Fillers NOT Included),,1 left!,,,"Rs. 2,599","Rs.  1,099",58% Off,1.0,(1),https://www.snapdeal.com/product/home-story/641372126299#bcrumbSearch:chair|bcrumbLabelId:580
Kawachi Meditation and Yoga Floor Chair with back support - I83-B-BLUE,,1 left!,,,"Rs. 6,999","Rs.  2,148",69% Off,,,https://www.snapdeal.com/product/kawachi-meditation-and-yoga-floor/624902015665#bcrumbSearch:chair|bcrumbLabelId:580
ROSE WOOD ROCKING CHAIR,,2 left!,,,"Rs. 20,999","Rs.  10,574",50% Off,,,https://www.snapdeal.com/product/rose-wood-rocking-chair/653796779469#bcrumbSearch:chair|bcrumbLabelId:580
RED ROSEWOOD ROCKING CHAIR,,2 left!,,,"Rs. 20,999","Rs.  12,999",38% Off,,,https://www.snapdeal.com/product/red-rosewood-rocking-chair/675693185091#bcrumbSearch:chair|bcrumbLabelId:580
ARMAN ART &CRAFT WOODEN // IRON ROCKING CHAIR,,,,,"Rs. 18,999","Rs.  8,999",53% Off,,,https://www.snapdeal.com/product/arman-art-craft-wooden-iron/669230115694#bcrumbSearch:chair|bcrumbLabelId:580
Daisy Rocking Chair in Black Colour by Parin,,4 left!,,,"Rs. 8,120","Rs.  5,599",31% Off,,,https://www.snapdeal.com/product/daisy-rocking-chair-in-black/618754359474#bcrumbSearch:chair|bcrumbLabelId:580
WOODEN IRON ROCKING CHAIR,,,,,"Rs. 19,999","Rs.  8,209",59% Off,,,https://www.snapdeal.com/product/wooden-iron-rocking-chair/627171699876#bcrumbSearch:chair|bcrumbLabelId:580
Rocking Chair,,,,,"Rs. 18,000","Rs.  13,000",28% Off,,,https://www.snapdeal.com/product/rocking-chair/668882368356#bcrumbSearch:chair|bcrumbLabelId:580
WOODEN LEATHER ROCKING CHAIR // AARAM CHAIR // WOODEN ROLLING CHAIR // WOODEN EASY CHAIR,,,,,"Rs. 30,000","Rs.  16,000",47% Off,,,https://www.snapdeal.com/product/wooden-leather-rocking-chair-aaram/621303625539#bcrumbSearch:chair|bcrumbLabelId:580
WOODEN LEATHER ROCKING CHAIR // ARAAM CHAIR //  ROCKING CHAIR // BY ARMAN ART & CRAFT,,,,,"Rs. 30,999","Rs.  14,063",55% Off,,,https://www.snapdeal.com/product/wooden-leather-rocking-chair-araam/667188632613#bcrumbSearch:chair|bcrumbLabelId:580
ARMAN ART & CRAFT WOODEN // IRON ROCKING CHAIR,,,,,"Rs. 18,999","Rs.  12,999",32% Off,,,https://www.snapdeal.com/product/arman-art-craft-wooden-iron/631255171050#bcrumbSearch:chair|bcrumbLabelId:580
Shilpi Handicrafts wooden Rocking Chair,,,,,"Rs. 25,999","Rs.  14,000",46% Off,,,https://www.snapdeal.com/product/shilpi-handicrafts-wooden-rocking-chair/651367115473#bcrumbSearch:chair|bcrumbLabelId:580
WOODEN IRON ROCKING CHAIR // AARA M CHAIR // EASY CHAIR // ROCK N ROL,,,,,"Rs. 20,999","Rs.  8,584",59% Off,,,https://www.snapdeal.com/product/wooden-iron-rocking-chair-aara/680486878340#bcrumbSearch:chair|bcrumbLabelId:580
iron rocking chair,,,,,"Rs. 19,999","Rs.  10,999",45% Off,,,https://www.snapdeal.com/product/iron-rocking-chair/648602882710#bcrumbSearch:chair|bcrumbLabelId:580
WOODEN ROCKING CHAIR // AARAM CHAIR // RELAXATION// ROCK N ROLL // MELAMINE FINISHING,,,,,"Rs. 25,999","Rs.  12,312",53% Off,,,https://www.snapdeal.com/product/wooden-rocking-chair-aaram-chair/645196797825#bcrumbSearch:chair|bcrumbLabelId:580
"Tofarch RIO W LB  Ergonomic Chair Executive Office Computer Push Back Adjustable Revolving Chair for Home, Living Room, Office, Shop, Study, Student, Visitor, Desk Counter with Comfortable Armrest White",,,,Featured,Rs. 13599,Rs. 6500,52% Off,0.0,,https://clk.snapdeal.biz/rtb/clickTracker/0/3859685101?slotId=19&slotName=sd-cr-198X232-3-11&campaignId=1148138&websiteId=1&position=&trackerId=10.70.96.26:e9c7e426-ddb2-42b1-9da0-3f649be9642d:1&category=generic_search&supcCat=student-chairs&page=slp&accId=152486&siteId=101&sdId=162722485781223979&eId=&dId=&sellerCode=S61b9b&supc=SDL529514248&pogId=661506203340&brand=TOFARCH&metricsType=CPC&fp=0.0&type=product&acos=0.0&exp=&billingType=prepaid&servingSystem=null&refTag=search_ad&as=3000000&pr=2100000&ct=https%3A%2F%2Fwww.snapdeal.com%2Fproduct%2Ftofarch-rio-w-lb-ergonomic%2F661506203340%3FvendorCode%3DS61b9b%26pa%3Dtrue%26fv%3Dtrue%26supc%3DSDL529514248%26utm_campaign%3Dnull%26utm_medium%3DProductAds%26isSellerPage%3Dtrue
Tofarch home office chair (model - Hyde HB) fabric| executive chair for home office | home office chair with headrest,,,,Featured,Rs. 24599,Rs. 14899,39% Off,0.0,,https://clk.snapdeal.biz/rtb/clickTracker/0/3856009311?slotId=19&slotName=sd-cr-198X232-3-11&campaignId=1148138&websiteId=1&position=&trackerId=10.70.96.26:e9c7e426-ddb2-42b1-9da0-3f649be9642d:2&category=generic_search&supcCat=student-chairs&page=slp&accId=152486&siteId=101&sdId=162722485781223979&eId=&dId=&sellerCode=S61b9b&supc=SDL548538149&pogId=672607212434&brand=TOFARCH&metricsType=CPC&fp=0.0&type=product&acos=0.0&exp=&billingType=prepaid&servingSystem=null&refTag=search_ad&as=3000000&pr=2100000&ct=https%3A%2F%2Fwww.snapdeal.com%2Fproduct%2Ftofarch-home-office-chair-model%2F672607212434%3FvendorCode%3DS61b9b%26pa%3Dtrue%26fv%3Dtrue%26supc%3DSDL548538149%26utm_campaign%3Dnull%26utm_medium%3DProductAds%26isSellerPage%3Dtrue
BRUCE MB  Office Chair Ergonomic Desk Chair Mesh Computer Chair Lumbar Support Modern Executive Adjustable Rolling Swivel Chair Comfortable,,,,Featured,Rs. 19700,Rs. 14300,27% Off,0.0,,https://clk.snapdeal.biz/rtb/clickTracker/0/3855481262?slotId=19&slotName=sd-cr-198X232-3-11&campaignId=1148138&websiteId=1&position=&trackerId=10.70.96.26:e9c7e426-ddb2-42b1-9da0-3f649be9642d:3&category=generic_search&supcCat=student-chairs&page=slp&accId=152486&siteId=101&sdId=162722485781223979&eId=&dId=&sellerCode=S61b9b&supc=SDL121672703&pogId=655745134904&brand=TOFARCH&metricsType=CPC&fp=0.0&type=product&acos=0.0&exp=&billingType=prepaid&servingSystem=null&refTag=search_ad&as=3000000&pr=2100000&ct=https%3A%2F%2Fwww.snapdeal.com%2Fproduct%2Fbruce-mb-office-chair-ergonomic%2F655745134904%3FvendorCode%3DS61b9b%26pa%3Dtrue%26fv%3Dtrue%26supc%3DSDL121672703%26utm_campaign%3Dnull%26utm_medium%3DProductAds%26isSellerPage%3Dtrue
OFARCH Office Chair/Study Chair Full Back Mesh Chair (Black) Work from Home Chairs Series NILE Chrome,,,,Featured,Rs. 10800,Rs. 6400,41% Off,0.0,,https://clk.snapdeal.biz/rtb/clickTracker/0/3855092887?slotId=19&slotName=sd-cr-198X232-3-11&campaignId=1148138&websiteId=1&position=&trackerId=10.70.96.26:e9c7e426-ddb2-42b1-9da0-3f649be9642d:4&category=generic_search&supcCat=student-chairs&page=slp&accId=152486&siteId=101&sdId=162722485781223979&eId=&dId=&sellerCode=S61b9b&supc=SDL062310443&pogId=657704258081&brand=TOFARCH&metricsType=CPC&fp=0.0&type=product&acos=0.0&exp=&billingType=prepaid&servingSystem=null&refTag=search_ad&as=3000000&pr=2100000&ct=https%3A%2F%2Fwww.snapdeal.com%2Fproduct%2Fofarch-office-chairstudy-chair-full%2F657704258081%3FvendorCode%3DS61b9b%26pa%3Dtrue%26fv%3Dtrue%26supc%3DSDL062310443%26utm_campaign%3Dnull%26utm_medium%3DProductAds%26isSellerPage%3Dtrue
TOFARCH Office Chairs AMU HB Metal Chrome Base High Back Office Chair Adjustable Arms (Black),,4 left!,,,"Rs. 21,300","Rs.  11,512",46% Off,,,https://www.snapdeal.com/product/tofarch-office-chairs-amu-hb/660392639956
wooden  rocking chair/ grand pa chair/swing chair,,,,,"Rs. 25,999","Rs.  14,000",46% Off,,,https://www.snapdeal.com/product/wooden-rocking-chair-grand-pa/624188687926
Daisy Rocking Chair in Brown Colour by Parin,,5 left!,,,"Rs. 8,120","Rs.  5,680",30% Off,,,https://www.snapdeal.com/product/daisy-rocking-chair-in-brown/667689100138
TOFARCH Home Office Chair RIO Executive Computer Chair with Ergonomic for Work from Home,,,,,"Rs. 10,999","Rs.  6,359",42% Off,,,https://www.snapdeal.com/product/tofarch-home-office-chair-rio/678117020683
Tofarch home office chair (model - f1m) fabric | ergonomic office chair | executive desk chair | director desk chair | manager chair,,,,,"Rs. 40,560","Rs.  19,500",52% Off,,,https://www.snapdeal.com/product/tofarch-home-office-chair-model/658914885227
RAJ CHAIR Handle for Revolving Office Chair Hard 2 Piece,,,,,"Rs. 1,800","Rs.  1,100",39% Off,,,https://www.snapdeal.com/product/raj-chair-handle-for-revolving/657955367219
RAJ CHAIR Iron Plate for Office Chair (tilt Plate),,,,,"Rs. 3,100",Rs.  949,69% Off,,,https://www.snapdeal.com/product/raj-chair-iron-plate-for/656167262310
RAJ CHAIR Revolving Chair Base &PVC Base & fyiber Base 26 ench (OFFIR 2 Wheel Extra Free),,,,,"Rs. 3,100","Rs.  1,100",65% Off,,,https://www.snapdeal.com/product/raj-chair-revolving-chair-base/623169556368
Chair Parts Hydraulic/Chair Lifter/Chair Parts Suitable for All Office Chairs (120 mm) (Black),,,,,Rs. 999,Rs.  449,55% Off,,,https://www.snapdeal.com/product/chair-parts-hydraulicchair-lifterchair-parts/651657337460
Plastic umbrella base without wheel,,,,,"Rs. 1,299",Rs.  925,29% Off,,,https://www.snapdeal.com/product/plastic-umbrella-base-without-wheel/653947377711
"TOFARCH Home Office Study Chair Pear Low Back (Back Support, Ergonomics, Height Adjustment, Wheels, Arm Rest, Back Support) Black",,,,,"Rs. 7,999","Rs.  5,665",29% Off,,,https://www.snapdeal.com/product/tofarch-home-office-study-chair/634390043300
Jane (B) LB Black Low Back Mesh Desk Office Chair Ideal as Executive Chair/Employee Chair/Staff Chai.,,,,,"Rs. 15,700","Rs.  10,500",33% Off,,,https://www.snapdeal.com/product/jane-b-lb-black-low/641149475575
Cherry LB,,,,,"Rs. 8,999","Rs.  6,200",31% Off,,,https://www.snapdeal.com/product/cherry-lb/621800617002
PAN White and Aqua Low Back Adjustable Arms Home Office Revolving Executive Chair,,,,,"Rs. 19,800","Rs.  10,500",47% Off,,,https://www.snapdeal.com/product/pan-white-and-aqua-low/644584889088
OFARCH Office Chair/Study Chair Full Back Mesh Chair (Black) Work from Home Chairs Series NILE Chrome,,,,,"Rs. 10,800","Rs.  6,400",41% Off,,,https://www.snapdeal.com/product/ofarch-office-chairstudy-chair-full/657704258081
TOFARCH High Back Office Chair for Executive with Super Back Rest Mechanism with Armrest and Seat Height Adjustment Tribute HB (Black),,,,,"Rs. 22,600","Rs.  14,200",37% Off,,,https://www.snapdeal.com/product/tofarch-high-back-office-chair/668514345122
Tofarch HOLI (Black) with 360 Swirl and Height Adjustment Lever Effective for Low Back Pain Control,,,,Featured,Rs. 13500,Rs. 6900,49% Off,0.0,,https://clk.snapdeal.biz/rtb/clickTracker/0/3856629181?slotId=19&slotName=sd-cr-198X232-4-15&campaignId=1148138&websiteId=1&position=&trackerId=10.70.96.26:3b533573-8ff8-4c3e-a387-3b183199f9f8:1&category=generic_search&supcCat=office-chairs&page=slp&accId=152486&siteId=101&sdId=162722485781223979&eId=&dId=&sellerCode=S61b9b&supc=SDL397081785&pogId=686153976200&brand=TOFARCH&metricsType=CPC&fp=0.0&type=product&acos=0.0&exp=&billingType=prepaid&servingSystem=null&refTag=search_ad&as=3000000&pr=2100000&ct=https%3A%2F%2Fwww.snapdeal.com%2Fproduct%2Ftofarch-holi-black-with-360%2F686153976200%3FvendorCode%3DS61b9b%26pa%3Dtrue%26fv%3Dtrue%26supc%3DSDL397081785%26utm_campaign%3Dnull%26utm_medium%3DProductAds%26isSellerPage%3Dtrue
"TOFARCH Ergonomic High Back Office Chair Storm (Revolving, Adjustable Headrest, Height, Tilt, Movable, Red)",,,,Featured,Rs. 22500,Rs. 15854,30% Off,0.0,,https://clk.snapdeal.biz/rtb/clickTracker/0/3856629183?slotId=19&slotName=sd-cr-198X232-4-15&campaignId=1148138&websiteId=1&position=&trackerId=10.70.96.26:3b533573-8ff8-4c3e-a387-3b183199f9f8:2&category=generic_search&supcCat=office-chairs&page=slp&accId=152486&siteId=101&sdId=162722485781223979&eId=&dId=&sellerCode=S61b9b&supc=SDL986291118&pogId=656868287228&brand=TOFARCH&metricsType=CPC&fp=0.0&type=product&acos=0.0&exp=&billingType=prepaid&servingSystem=null&refTag=search_ad&as=3000000&pr=2100000&ct=https%3A%2F%2Fwww.snapdeal.com%2Fproduct%2Ftofarch-ergoniomic-high-back-office%2F656868287228%3FvendorCode%3DS61b9b%26pa%3Dtrue%26fv%3Dtrue%26supc%3DSDL986291118%26utm_campaign%3Dnull%26utm_medium%3DProductAds%26isSellerPage%3Dtrue
Wolf Chair Revolving Brown Executive Chair,,,,Featured,Rs. 16000,Rs. 7578,47% Off,0.0,,https://clk.snapdeal.biz/rtb/clickTracker/0/3855049402?slotId=19&slotName=sd-cr-198X232-4-15&campaignId=1303325&websiteId=1&position=&trackerId=10.70.96.26:3b533573-8ff8-4c3e-a387-3b183199f9f8:3&category=generic_search&supcCat=office-chairs&page=slp&accId=154597&siteId=101&sdId=162722485781223979&eId=&dId=&sellerCode=S95196&supc=SDL150650604&pogId=675131459735&brand=Wolf+Chair&metricsType=CPC&fp=0.0&type=product&acos=0.0&exp=&billingType=prepaid&servingSystem=null&refTag=search_ad&as=1000000&pr=700000&ct=https%3A%2F%2Fwww.snapdeal.com%2Fproduct%2Fwolf-chair-revolving-brown-executive%2F675131459735%3FvendorCode%3DS95196%26pa%3Dtrue%26fv%3Dtrue%26supc%3DSDL150650604%26utm_campaign%3Dnull%26utm_medium%3DProductAds%26isSellerPage%3Dtrue
TOFARCH White Vinyl Home Office Swivel Desk Chair for Home and Office,,,,Featured,Rs. 29750,Rs. 20400,31% Off,0.0,,https://clk.snapdeal.biz/rtb/clickTracker/0/3856070515?slotId=19&slotName=sd-cr-198X232-4-15&campaignId=1148138&websiteId=1&position=&trackerId=10.70.96.26:3b533573-8ff8-4c3e-a387-3b183199f9f8:4&category=generic_search&supcCat=office-chairs&page=slp&accId=152486&siteId=101&sdId=162722485781223979&eId=&dId=&sellerCode=S61b9b&supc=SDL098269334&pogId=668636095360&brand=TOFARCH&metricsType=CPC&fp=0.0&type=product&acos=0.0&exp=&billingType=prepaid&servingSystem=null&refTag=search_ad&as=3000000&pr=2100000&ct=https%3A%2F%2Fwww.snapdeal.com%2Fproduct%2Ftofarch-white-vinyl-home-office%2F668636095360%3FvendorCode%3DS61b9b%26pa%3Dtrue%26fv%3Dtrue%26supc%3DSDL098269334%26utm_campaign%3Dnull%26utm_medium%3DProductAds%26isSellerPage%3Dtrue
PlushW MB,,,,,"Rs. 21,100","Rs.  15,500",27% Off,,,https://www.snapdeal.com/product/plushw-mb/638575845707
NEON CAFETERIA CHAIR,,1 left!,,,"Rs. 8,200","Rs.  5,999",27% Off,,,https://www.snapdeal.com/product/neon-cafeteria-chair/5764608185336080058
M L Office Solution Visitor Chair,,,,,"Rs. 9,299","Rs.  7,900",15% Off,,,https://www.snapdeal.com/product/m-l-office-solution-visitor/659796012656
BRUCE MB  Office Chair Ergonomic Desk Chair Mesh Computer Chair Lumbar Support Modern Executive Adjustable Rolling Swivel Chair Comfortable,,,,,"Rs. 19,700","Rs.  14,300",27% Off,,,https://www.snapdeal.com/product/bruce-mb-office-chair-ergonomic/655745134904
Tofarch Home Office Chair (Model - Zues) | Ergonomic Office Chair | Office Chair for Director and Managers,,,,,"Rs. 19,399","Rs.  12,599",35% Off,,,https://www.snapdeal.com/product/tofarch-home-office-chair-model/648584727621
Jane (B) LB Black Low Back Mesh Desk Office Chair Ideal as Executive Chair/Employee Chair/Staff Chai.,,,,,"Rs. 15,700","Rs.  10,500",33% Off,,,https://www.snapdeal.com/product/jane-b-lb-black-low/641149475575
"TOFARCH Home Office Study Chair Pear Low Back (Back Support, Ergonomics, Height Adjustment, Wheels, Arm Rest, Back Support) Black",,,,,"Rs. 7,999","Rs.  5,665",29% Off,,,https://www.snapdeal.com/product/tofarch-home-office-study-chair/634390043300
Loop Ergonomic Home Office Chair for Long Day Working,,,,,"Rs. 19,599","Rs.  11,599",41% Off,,,https://www.snapdeal.com/product/loop-ergonomic-home-office-chair/647291983202
LOUNGE CHAIR,,2 left!,,,"Rs. 34,999","Rs.  16,959",52% Off,,,https://www.snapdeal.com/product/lounge-chair/669738888332
M L Office Solution Visitor Chair,,,,,"Rs. 9,299","Rs.  7,900",15% Off,,,https://www.snapdeal.com/product/m-l-office-solution-visitor/659796012656
Cherry LB,,,,,"Rs. 8,999","Rs.  6,200",31% Off,,,https://www.snapdeal.com/product/cherry-lb/621800617002
PlushW MB,,,,,"Rs. 21,100","Rs.  15,500",27% Off,,,https://www.snapdeal.com/product/plushw-mb/638575845707
Style Homez Mambo XL Bean Bag Lounger Blue Color Cover Only,,,,,"Rs. 1,799","Rs.  1,249",31% Off,,,https://www.snapdeal.com/product/style-homez-mambo-xl-bean/660409304692
Home Story Chair Bean Bag L Size Orange Color Cover Only,,1 left!,,,"Rs. 1,199",Rs.  649,46% Off,,,https://www.snapdeal.com/product/home-story/636121477261
Style Homez Urban Design Denim Canvas IKAT Printed Bean Bag XXL Size Cover Only,,,,,"Rs. 2,499","Rs.  1,799",28% Off,,,https://www.snapdeal.com/product/style-homez-urban-design-denim/669875982349
Style Homez Mambo XL Bean Bag Green Color Filled with Beans,,,,,"Rs. 2,990","Rs.  2,118",29% Off,,,https://www.snapdeal.com/product/style-homez-mambo-xl-bean/635758516760
Mid Back Office Chair ARCO MB with Leather Seat and Leather Back for Executives,,,,Featured,Rs. 21800,Rs. 15900,27% Off,0.0,,https://clk.snapdeal.biz/rtb/clickTracker/0/3856070514?slotId=19&slotName=sd-cr-198X232-4-19&campaignId=1148138&websiteId=1&position=&trackerId=10.70.96.26:3b533573-8ff8-4c3e-a387-3b183199f9f8:5&category=generic_search&supcCat=office-chairs&page=slp&accId=152486&siteId=101&sdId=162722485781223979&eId=&dId=&sellerCode=S61b9b&supc=SDL091884775&pogId=674552231171&brand=TOFARCH&metricsType=CPC&fp=0.0&type=product&acos=0.0&exp=&billingType=prepaid&servingSystem=null&refTag=search_ad&as=3000000&pr=2100000&ct=https%3A%2F%2Fwww.snapdeal.com%2Fproduct%2Fmid-back-office-chair-arco%2F674552231171%3FvendorCode%3DS61b9b%26pa%3Dtrue%26fv%3Dtrue%26supc%3DSDL091884775%26utm_campaign%3Dnull%26utm_medium%3DProductAds%26isSellerPage%3Dtrue
ARCO High Back Office Chair with Leather Back and Seat,,,,Featured,Rs. 25600,Rs. 18000,30% Off,0.0,,https://clk.snapdeal.biz/rtb/clickTracker/0/3856070516?slotId=19&slotName=sd-cr-198X232-4-19&campaignId=1148138&websiteId=1&position=&trackerId=10.70.96.26:3b533573-8ff8-4c3e-a387-3b183199f9f8:6&category=generic_search&supcCat=office-chairs&page=slp&accId=152486&siteId=101&sdId=162722485781223979&eId=&dId=&sellerCode=S61b9b&supc=SDL918668914&pogId=669251824793&brand=TOFARCH&metricsType=CPC&fp=0.0&type=product&acos=0.0&exp=&billingType=prepaid&servingSystem=null&refTag=search_ad&as=3000000&pr=2100000&ct=https%3A%2F%2Fwww.snapdeal.com%2Fproduct%2Farco-high-back-office-chair%2F669251824793%3FvendorCode%3DS61b9b%26pa%3Dtrue%26fv%3Dtrue%26supc%3DSDL918668914%26utm_campaign%3Dnull%26utm_medium%3DProductAds%26isSellerPage%3Dtrue
Tofarch Home Office Chair (Model - Hyde) | Executive Chair for Home Office | Home Office Chair with Headrest,,,,Featured,Rs. 21400,Rs. 14222,26% Off,1.0,,https://clk.snapdeal.biz/rtb/clickTracker/0/3850756882?slotId=19&slotName=sd-cr-198X232-4-19&campaignId=1148138&websiteId=1&position=&trackerId=10.70.96.26:3b533573-8ff8-4c3e-a387-3b183199f9f8:7&category=generic_search&supcCat=office-chairs&page=slp&accId=152486&siteId=101&sdId=162722485781223979&eId=&dId=&sellerCode=S61b9b&supc=SDL555524169&pogId=667216078250&brand=TOFARCH&metricsType=CPC&fp=0.0&type=product&acos=0.0&exp=&billingType=prepaid&servingSystem=null&refTag=search_ad&as=3000000&pr=2100000&ct=https%3A%2F%2Fwww.snapdeal.com%2Fproduct%2Ftofarch-home-office-chair-model%2F667216078250%3FvendorCode%3DS61b9b%26pa%3Dtrue%26fv%3Dtrue%26supc%3DSDL555524169%26utm_campaign%3Dnull%26utm_medium%3DProductAds%26isSellerPage%3Dtrue
"TOFARCH Mid Back Office Chair AMU MB Ideal Chair Study Chair, Computer Chair for Home Office",,,,Featured,Rs. 17800,Rs. 9318,41% Off,0.0,,https://clk.snapdeal.biz/rtb/clickTracker/0/3809168498?slotId=19&slotName=sd-cr-198X232-4-19&campaignId=1148138&websiteId=1&position=&trackerId=10.70.96.26:3b533573-8ff8-4c3e-a387-3b183199f9f8:8&category=generic_search&supcCat=office-chairs&page=slp&accId=152486&siteId=101&sdId=162722485781223979&eId=&dId=&sellerCode=S61b9b&supc=SDL823821996&pogId=664851319615&brand=TOFARCH&metricsType=CPC&fp=0.0&type=product&acos=0.0&exp=&billingType=prepaid&servingSystem=null&refTag=search_ad&as=3000000&pr=2100000&ct=https%3A%2F%2Fwww.snapdeal.com%2Fproduct%2Ftofarch-mid-back-office-chair%2F664851319615%3FvendorCode%3DS61b9b%26pa%3Dtrue%26fv%3Dtrue%26supc%3DSDL823821996%26utm_campaign%3Dnull%26utm_medium%3DProductAds%26isSellerPage%3Dtrue
Style Homez Urban Design Denim Canvas Abstract Printed Bean Bag XXL Size Cover Only,,,,,"Rs. 2,499","Rs.  1,799",28% Off,,,https://www.snapdeal.com/product/style-homez-urban-design-denim/649228656916
Style Homez Alexa Lounge XXXL Bean Bag Black Color Cover Only,,,,,"Rs. 2,399","Rs.  1,399",42% Off,,,https://www.snapdeal.com/product/style-homez-alexa-lounge-xxxl/641569307023
Style Homez Urban Design Denim Canvas Abstract Printed Chair Bean Bag XXL Size Cover Only,,,,,"Rs. 2,499","Rs.  1,799",28% Off,,,https://www.snapdeal.com/product/style-homez-urban-design-denim/633662189529
Home Story Chair Bean Bag XL Size Red Color Cover Only,,1 left!,,,"Rs. 1,399",Rs.  725,48% Off,,,https://www.snapdeal.com/product/home-story/633512991702
Style Homez Chair Cotton Canvas Geometric Printed Bean Bag XXL Size with Fillers,,,,,"Rs. 3,990","Rs.  2,875",28% Off,,,https://www.snapdeal.com/product/style-homez-chair-cotton-canvas/619006638417
Style Homez Chair Classic Cotton Canvas Floral Printed Bean Bag XXL Size Cover Only,,,,,"Rs. 2,499","Rs.  1,849",26% Off,,,https://www.snapdeal.com/product/style-homez-chair-classic-cotton/661508945042
Style Homez Chair Classic Cotton Canvas Abstract Printed Bean Bag XXL Size Cover Only,,,,,"Rs. 2,499","Rs.  1,849",26% Off,,,https://www.snapdeal.com/product/style-homez-chair-classic-cotton/653296329394
Style Homez Alexa  Lounge XXXL Bean Bag Parrot Green Color Cover Only,,,,,"Rs. 2,990","Rs.  1,399",53% Off,,,https://www.snapdeal.com/product/style-homez-alexa-lounge-xxxl/676869903267
