name,badge_1,badge_2,badge_3,mrp,discounted_price,discount,rating,rating_count,link
Scott International Women's Solid Wind Cheater Jacket (AW18-IDRY-LJKT-BL-S_Black_Small)  ,,Sponsored,,"₹2,499",₹448,"Save ₹2,051 (82%)",3.5 out of 5 stars,158,https://www.amazon.in/gp/slredirect/picassoRedirect.html/ref=pa_sp_atf_aps_sr_pg1_1?ie=UTF8&adId=A06810463G23TTMNYN0FZ&url=%2FScott-International-Polyester-Weather-AW18-IDRY-LJKT-BL-S%2Fdp%2FB07HRTWJDQ%2Fref%3Dsr_1_1_sspa%3Fdchild%3D1%26keywords%3Dwomen%2Bjackets%26qid%3D1625062655%26sr%3D8-1-spons%26psc%3D1&qualifier=1625062655&id=5008379988657947&widgetName=sp_atf
ECOLINE Clothing Eco-Friendly Women's Poly Filament Sporty Jacket  ,,Sponsored,,,₹629,,5.0 out of 5 stars,1,https://www.amazon.in/gp/slredirect/picassoRedirect.html/ref=pa_sp_atf_aps_sr_pg1_1?ie=UTF8&adId=A061417839LU7K45HEGWN&url=%2FEcoline-Clothing-Eco-Friendly-Womens-Filament%2Fdp%2FB08M6FMZ45%2Fref%3Dsr_1_2_sspa%3Fdchild%3D1%26keywords%3Dwomen%2Bjackets%26qid%3D1625062655%26sr%3D8-2-spons%26psc%3D1&qualifier=1625062655&id=5008379988657947&widgetName=sp_atf
Scott International Women's Striped Regular Jacket  ,,Sponsored,,"₹2,999",₹598,"Save ₹2,401 (80%)",3.9 out of 5 stars,28,https://www.amazon.in/gp/slredirect/picassoRedirect.html/ref=pa_sp_atf_aps_sr_pg1_1?ie=UTF8&adId=A09789902VDR4841Z86H4&url=%2FScott-Wrinkle-Dryfit-Jacket-Stripes%2Fdp%2FB01C7ARZE4%2Fref%3Dsr_1_3_sspa%3Fdchild%3D1%26keywords%3Dwomen%2Bjackets%26qid%3D1625062655%26sr%3D8-3-spons%26psc%3D1&qualifier=1625062655&id=5008379988657947&widgetName=sp_atf
Columbia Women's Jacket  ,,Sponsored,Only 2 left in stock.,"₹8,999","₹7,739","Save ₹1,260 (14%)",4.3 out of 5 stars,41,https://www.amazon.in/gp/slredirect/picassoRedirect.html/ref=pa_sp_atf_aps_sr_pg1_1?ie=UTF8&adId=A064229428CDGFF8RFVWL&url=%2FColumbia-Womens-Jacket-WK0243-010-Black_XS%2Fdp%2FB07MNH77FZ%2Fref%3Dsr_1_4_sspa%3Fdchild%3D1%26keywords%3Dwomen%2Bjackets%26qid%3D1625062655%26sr%3D8-4-spons%26psc%3D1&qualifier=1625062655&id=5008379988657947&widgetName=sp_atf
MONTREZ Full Sleeve Solid Women Jacket  ,Best seller,,,"₹1,499",₹399,"Save ₹1,100 (73%)",4.0 out of 5 stars,848,https://www.amazon.in/gp/bestsellers/apparel/1968508031/ref=sr_bs_4_1968508031_1
DNEXT Women Solid Cotton Jacket Full Sleeve for Girls  ,,,,"₹1,499",₹335,"Save ₹1,164 (78%)",3.8 out of 5 stars,280,https://www.amazon.in/DNEXT-Cotton-Jacket-Sleeve-Maroon/dp/B08T6NXLVG/ref=sr_1_6?dchild=1&keywords=women+jackets&qid=1625062655&sr=8-6
FUNDAY FASHION Full Sleeve Blue Solid Women's Denim Jacket  ,,,,"₹1,499",₹499,"Save ₹1,000 (67%)",3.8 out of 5 stars,"1,111",https://www.amazon.in/FUNDAY-FASHION-Sleeve-Womens-Jacket/dp/B084HDTG6R/ref=sr_1_7?dchild=1&keywords=women+jackets&qid=1625062655&sr=8-7
Fabricorn Women's Fleece Sweatshirt  ,,,,"₹1,199",₹599,Save ₹600 (50%),3.8 out of 5 stars,"1,248",https://www.amazon.in/Fabricorn-Plain-Black-Sweatshirt-Women/dp/B082R93MH4/ref=sr_1_8?dchild=1&keywords=women+jackets&qid=1625062655&sr=8-8
MONTREZ Full Sleeve Self Design Women Quilted Jacket  ,,,,"₹1,499",₹299,"Save ₹1,200 (80%)",3.8 out of 5 stars,10,https://www.amazon.in/MONTREZ-Sleeve-Design-Quilted-Jacket/dp/B08XQFRK9Y/ref=sr_1_9?dchild=1&keywords=women+jackets&qid=1625062655&sr=8-9
Scott International Women's Solid Wind Cheater Jacket (AW18-IDRY-LJKT-BL-S_Black_Small)  ,,,,"₹2,499",₹448,"Save ₹2,051 (82%)",3.5 out of 5 stars,158,https://www.amazon.in/Scott-International-Polyester-Weather-AW18-IDRY-LJKT-BL-S/dp/B07HRTWJDQ/ref=sr_1_10?dchild=1&keywords=women+jackets&qid=1625062655&sr=8-10
DIMPY GARMENTS BuyNewTrend Cotton Lycra Buttoned Jacket with Hoodie For Women  ,,,,"₹1,499",₹399,"Save ₹1,100 (73%)",3.2 out of 5 stars,14,https://www.amazon.in/DIMPY-GARMENTS-BuyNewTrend-Buttoned-Blouson/dp/B08MFG2BJT/ref=sr_1_11?dchild=1&keywords=women+jackets&qid=1625062655&sr=8-11
Grear Trending Jacket for women's and girl's  ,,,,₹999,₹449,Save ₹550 (55%),3.7 out of 5 stars,277,https://www.amazon.in/Grear-Trending-blouson-Jacket-women/dp/B08T7XF68Q/ref=sr_1_12?dchild=1&keywords=women+jackets&qid=1625062655&sr=8-12
Banjara India Women's Jacket  ,,,,"₹1,199",₹379,Save ₹820 (68%),3.4 out of 5 stars,256,https://www.amazon.in/Banjara-Womens-Jacket-MJK-BHK05_Yellow_Free-Size/dp/B071VP32X7/ref=sr_1_13?dchild=1&keywords=women+jackets&qid=1625062655&sr=8-13
DIMPY GARMENTS Solid Regular Denim Women's Jacket  ,,,,"₹1,499",₹399,"Save ₹1,100 (73%)",3.7 out of 5 stars,105,https://www.amazon.in/DIMPY-GARMENTS-BuyNewTrend-Buttoned-Blue-2437/dp/B083ZY43P3/ref=sr_1_14?dchild=1&keywords=women+jackets&qid=1625062655&sr=8-14
Qube By Fort Collins Women's Cape Jacket  ,,,,"₹2,199",₹901,"Save ₹1,298 (59%)",4.2 out of 5 stars,"1,363",https://www.amazon.in/Qube-Fort-Collins-Womens-39207_Navy_M/dp/B073JRL29H/ref=sr_1_15?dchild=1&keywords=women+jackets&qid=1625062655&sr=8-15
"MONTREZ Full Sleeve Self Design Women Denim Jacket (M, Blue)  ",,,,"₹1,499",₹399,"Save ₹1,100 (73%)",5.0 out of 5 stars,2,https://www.amazon.in/Montrez-Sleeve-Design-Women-Jacket/dp/B08GFWBF9C/ref=sr_1_16?dchild=1&keywords=women+jackets&qid=1625062655&sr=8-16
MONTREZ Full Sleeve Solid Women Denim Jacket (Pack Of 2)  ,,,,"₹1,999",₹631.75,"Save ₹1,367.25 (68%)",4.1 out of 5 stars,132,https://www.amazon.in/MONTREZ-Sleeve-Solid-Women-Jacket/dp/B08JYYZXRZ/ref=sr_1_17?dchild=1&keywords=women+jackets&qid=1625062655&sr=8-17
MONTREZ Denim Full Sleeves Comfort Fit Regular Collar Blue Jacket for Women  ,,,,"₹1,499",₹379.05,"Save ₹1,119.95 (75%)",4.0 out of 5 stars,210,https://www.amazon.in/MONTREZ-Womens-Sleeves-Comfort-Regular/dp/B07MMF812V/ref=sr_1_18?dchild=1&keywords=women+jackets&qid=1625062655&sr=8-18
Miss Olive Women's Grey Solid Peplum Jacket  ,,,,"₹1,999",₹499,"Save ₹1,500 (75%)",5.0 out of 5 stars,3,https://www.amazon.in/Miss-Olive-Womens-Peplum-MOAW17JKT02-14-62-06/dp/B08D3HTB2F/ref=sr_1_19?dchild=1&keywords=women+jackets&qid=1625062655&sr=8-19
Generic Women's Jacket  ,,,,"₹3,999","₹1,999","Save ₹2,000 (50%)",4.1 out of 5 stars,566,https://www.amazon.in/Generic-Womens-Leather-Jacket-LRN00145/dp/B07DZFZG9K/ref=sr_1_20?dchild=1&keywords=women+jackets&qid=1625062655&sr=8-20
Columbia Women's Arcadia Ii Jacket  ,,Sponsored,Only 5 left in stock.,"₹5,499","₹4,729",Save ₹770 (14%),4.7 out of 5 stars,"6,247",https://www.amazon.in/gp/slredirect/picassoRedirect.html/ref=pa_sp_mtf_aps_sr_pg1_1?ie=UTF8&adId=A01712131K8SG05IHWE9T&url=%2FColumbia-Womens-Arcadia-Jacket-Violet%2Fdp%2FB071XBNWG6%2Fref%3Dsr_1_21_sspa%3Fdchild%3D1%26keywords%3Dwomen%2Bjackets%26qid%3D1625062655%26sr%3D8-21-spons%26psc%3D1&qualifier=1625062655&id=5008379988657947&widgetName=sp_mtf
Miss Chase Women's Blue and White Full Sleeves Striped Collared Blazer Jacket  ,,Sponsored,,"₹2,149",₹752,"Save ₹1,397 (65%)",3.5 out of 5 stars,33,https://www.amazon.in/gp/slredirect/picassoRedirect.html/ref=pa_sp_mtf_aps_sr_pg1_1?ie=UTF8&adId=A0302261YIH4WUFWWYXT&url=%2FMiss-Chase-Womens-Striped-Blazer%2Fdp%2FB079HY7D1Y%2Fref%3Dsr_1_22_sspa%3Fdchild%3D1%26keywords%3Dwomen%2Bjackets%26qid%3D1625062655%26sr%3D8-22-spons%26psc%3D1&qualifier=1625062655&id=5008379988657947&widgetName=sp_mtf
Miss Chase Women's Light Blue Collared Solid Full Sleeve Regular Length Denim Jacket  ,,Sponsored,,"₹2,299",₹850,"Save ₹1,449 (63%)",4.2 out of 5 stars,22,https://www.amazon.in/gp/slredirect/picassoRedirect.html/ref=pa_sp_mtf_aps_sr_pg1_1?ie=UTF8&adId=A015286331CO5PN1I46N&url=%2FMiss-Chase-Womens-MCSS19DEN05-33-158-06-X-Large%2Fdp%2FB0811VDNQ8%2Fref%3Dsr_1_23_sspa%3Fdchild%3D1%26keywords%3Dwomen%2Bjackets%26qid%3D1625062655%26sr%3D8-23-spons%26psc%3D1&qualifier=1625062655&id=5008379988657947&widgetName=sp_mtf
Miss Chase Women's Cotton Full Sleeves Regular Fit Bomber Jacket | 2 Colors  ,,Sponsored,,"₹1,749",₹764,Save ₹985 (56%),3.5 out of 5 stars,53,https://www.amazon.in/gp/slredirect/picassoRedirect.html/ref=pa_sp_mtf_aps_sr_pg1_1?ie=UTF8&adId=A03018052QU5ZHSYJYZ0C&url=%2FMiss-Chase-Womens-Bomber-Jacket%2Fdp%2FB07FKQSXXP%2Fref%3Dsr_1_24_sspa%3Fdchild%3D1%26keywords%3Dwomen%2Bjackets%26qid%3D1625062655%26sr%3D8-24-spons%26psc%3D1&qualifier=1625062655&id=5008379988657947&widgetName=sp_mtf
MONTREZ Women's Cotton Casual Striped Jacket  ,,,,"₹1,499",₹399,"Save ₹1,100 (73%)",3.3 out of 5 stars,16,https://www.amazon.in/MONTREZ-Striped-Regular-MONTREZ_Black-White_Small/dp/B08FXLZTPF/ref=sr_1_25?dchild=1&keywords=women+jackets&qid=1625062655&sr=8-25
Cazibe womens Women's Jacket  ,,,,"₹3,399",₹849,"Save ₹2,550 (75%)",4.2 out of 5 stars,342,https://www.amazon.in/Cazibe-89401BT-Womens-Jacket-89401BT_Mustard_Medium/dp/B08BJQD4ZZ/ref=sr_1_26?dchild=1&keywords=women+jackets&qid=1625062655&sr=8-26
Miss Olive Women's Solid Ribbed Bomber Jacket  ,,,,"₹2,499",₹549,"Save ₹1,950 (78%)",4.0 out of 5 stars,4,https://www.amazon.in/Miss-Olive-Womens-Ribbed-MOAW19JKT02-80-62-04/dp/B08D387D7R/ref=sr_1_27?dchild=1&keywords=women+jackets&qid=1625062655&sr=8-27
FUNDAY FASHION Women's Self Design Solid Jacket  ,,,,"₹1,499",₹499,"Save ₹1,000 (67%)",4.0 out of 5 stars,"2,612",https://www.amazon.in/FUNDAY-FASHION-Design-Cotton-Jacket/dp/B0852H3CL7/ref=sr_1_28?dchild=1&keywords=women+jackets&qid=1625062655&sr=8-28
MONTREZ Women's Stone Wash Denim Jacket Crafted with Pearls  ,,,,"₹1,499",₹399,"Save ₹1,100 (73%)",4.0 out of 5 stars,243,https://www.amazon.in/MONTREZ-Womens-Jacket-Crafted-X-Small/dp/B07N8WQDBF/ref=sr_1_29?dchild=1&keywords=women+jackets&qid=1625062655&sr=8-29
Craft Trade Women Embroiderd Ethnic Long Kutchi Jacket/Koti (Fits to Bust Size 36/38 inches)  ,,,,₹999,₹669,Save ₹330 (33%),3.6 out of 5 stars,140,https://www.amazon.in/Craft-Trade-Traditional-Embroiderd-Multicolour/dp/B07B98B74K/ref=sr_1_30?dchild=1&keywords=women+jackets&qid=1625062655&sr=8-30
Generic Women's Solid Regular Jacket  ,,,,"₹1,399",₹391,"Save ₹1,008 (72%)",3.3 out of 5 stars,24,https://www.amazon.in/NewWear-Color-Jacket-Women-Girls/dp/B084YVMVMP/ref=sr_1_31?dchild=1&keywords=women+jackets&qid=1625062655&sr=8-31
FUNDAY FASHION Women's Self-Design Regular Jacket  ,,,,"₹1,399",₹479,Save ₹920 (66%),3.9 out of 5 stars,"1,041",https://www.amazon.in/FUNDAY-FASHION-Design-Stone-Jacket/dp/B07PBD4CZP/ref=sr_1_32?dchild=1&keywords=women+jackets&qid=1625062655&sr=8-32
Cazibe womens Women's Jacket  ,,,,"₹3,399",₹849,"Save ₹2,550 (75%)",4.1 out of 5 stars,311,https://www.amazon.in/Cazibe-89404BT-Womens-Jacket-89404BT_Navy_Large/dp/B08BJRS7ZL/ref=sr_1_33?dchild=1&keywords=women+jackets&qid=1625062655&sr=8-33
Banjara Women's Cotton Blend Kutchi Jacket/Koti (TANATAN) (Black)  ,,,,₹799,₹296,Save ₹503 (63%),3.3 out of 5 stars,9,https://www.amazon.in/Banjara-Womens-Cotton-Kutchi-SSP-TAN01/dp/B0796B9615/ref=sr_1_34?dchild=1&keywords=women+jackets&qid=1625062655&sr=8-34
DNEXT Women Denim Solid Jacket Full Sleeve for Girls  ,,,,"₹1,699",₹335,"Save ₹1,364 (80%)",4.1 out of 5 stars,72,https://www.amazon.in/DNEXT-Womens-Distressed-Jacket-Sleeve/dp/B08T89ZCBS/ref=sr_1_35?dchild=1&keywords=women+jackets&qid=1625062655&sr=8-35
BURDY Women's Solid Regular Jacket (KLCWS-12NAVY_XXL_Dark Blue_2XL)  ,,,,₹999,₹699,Save ₹300 (30%),3.3 out of 5 stars,6,https://www.amazon.in/BURDY-Womens-Sleeve-Weight-Windcheater/dp/B08DJ11HZ3/ref=sr_1_36?dchild=1&keywords=women+jackets&qid=1625062655&sr=8-36
Puma Women Jacket  ,,,,"₹2,999","₹1,649","Save ₹1,350 (45%)",3.4 out of 5 stars,51,https://www.amazon.in/Puma-Womens-Solid-Jacket-58978801_Black_M/dp/B08LDPF867/ref=sr_1_37?dchild=1&keywords=women+jackets&qid=1625062655&sr=8-37
KING-DENIM Women's Solid Jacket  ,,,,₹999,₹369,Save ₹630 (63%),3.7 out of 5 stars,38,https://www.amazon.in/KING-DENIM-Enterprises-Sleeves-Comfort-Regular/dp/B0855GWBQ4/ref=sr_1_38?dchild=1&keywords=women+jackets&qid=1625062655&sr=8-38
Miss Olive Women's Solid Ribbed Bomber Jacket  ,,,,"₹2,699",₹919,"Save ₹1,780 (66%)",4.6 out of 5 stars,3,https://www.amazon.in/Miss-Olive-Womens-Ribbed-MOAW19JKT02-81-71-04/dp/B08D3B48SN/ref=sr_1_39?dchild=1&keywords=women+jackets&qid=1625062655&sr=8-39
FLEXIMAA Women's Cotton Hooded Hoodies  ,Best seller,,,,₹628,,4.0 out of 5 stars,"5,175",https://www.amazon.in/gp/bestsellers/apparel/1968532031/ref=sr_bs_39_1968532031_1
Generic Sequence ladies mood Hm casual black denim jacket  ,,,,"₹1,095",₹599,Save ₹496 (45%),3.5 out of 5 stars,3,https://www.amazon.in/Sequence-ladies-casual-black-jacket/dp/B08RW5BGJC/ref=sr_1_41?dchild=1&keywords=women+jackets&qid=1625062655&sr=8-41
Antik Women's Solid Regular Jacket  ,,,,"₹1,999",₹399,"Save ₹1,600 (80%)",3.6 out of 5 stars,177,https://www.amazon.in/Antik-Sleeve-Comfort-Regular-Collar/dp/B07RPH4N2X/ref=sr_1_42?dchild=1&keywords=women+jackets&qid=1625062655&sr=8-42
The Dry State Women Sea Green & Yellow Colourblocked Corduroy Bomber Jacket  ,,,,,₹549,,3.0 out of 5 stars,5,https://www.amazon.in/Dry-State-Off-White-blocked-Corduroy/dp/B08PKGKGKX/ref=sr_1_43?dchild=1&keywords=women+jackets&qid=1625062655&sr=8-43
CARBON BASICS Women's & Girl's Regular Jacket  ,,,,₹499,₹349,Save ₹150 (30%),3.6 out of 5 stars,314,https://www.amazon.in/CARBON-BASICS-Cotton-Waffle-Black_L/dp/B07MKL5Z1Q/ref=sr_1_44?dchild=1&keywords=women+jackets&qid=1625062655&sr=8-44
FUNDAY FASHION Women's Solid Regular Jacket  ,,,,"₹1,499",₹479,"Save ₹1,020 (68%)",3.8 out of 5 stars,"1,372",https://www.amazon.in/Funday-Fashion-Sleeve-Womens-Jacket/dp/B07P9136MB/ref=sr_1_45?dchild=1&keywords=women+jackets&qid=1625062655&sr=8-45
Fusefit womens Jacket  ,,,,"₹1,999",₹499,"Save ₹1,500 (75%)",4.0 out of 5 stars,42,https://www.amazon.in/Fusefit-Blouson-FF-WMNS-JKT_Navy_S/dp/B07WNNXNMV/ref=sr_1_46?dchild=1&keywords=women+jackets&qid=1625062655&sr=8-46
Qube By Fort Collins Women's Jacket  ,,,,"₹2,299",₹989,"Save ₹1,310 (57%)",4.2 out of 5 stars,289,https://www.amazon.in/Qube-Fort-Collins-39339Q_Punch-Pink_Large/dp/B08FTNDLXF/ref=sr_1_47?dchild=1&keywords=women+jackets&qid=1625062655&sr=8-47
Qube By Fort Collins Women Jacket  ,,,,"₹2,599","₹1,039","Save ₹1,560 (60%)",4.2 out of 5 stars,85,https://www.amazon.in/Qube-Fort-Collins-Womens-17413Q_Peach_Medium/dp/B08K9MRPVG/ref=sr_1_48?dchild=1&keywords=women+jackets&qid=1625062655&sr=8-48
FUNDAY FASHION Women's Solid Regular Jacket  ,,,,"₹1,499",₹499,"Save ₹1,000 (67%)",3.6 out of 5 stars,209,https://www.amazon.in/FUNDAY-FASHION-Sleeve-Womens-Jacket/dp/B084HD7126/ref=sr_1_49?dchild=1&keywords=women+jackets&qid=1625062655&sr=8-49
Campus Sutra Ribbed Designed Full Sleeve Solid Women Casual Jacket  ,,,,,₹674,,3.7 out of 5 stars,312,https://www.amazon.in/Campus-Sutra-Quilted-AZW17_ZHBDR_W_PLN_CHBL_AZ_M_Charcoal-Black_Medium/dp/B0752C627L/ref=sr_1_50?dchild=1&keywords=women+jackets&qid=1625062655&sr=8-50
MONTREZ Women's Cotton Casual Butterfly Patch Jacket  ,,,,"₹1,499",₹449,"Save ₹1,050 (70%)",3.9 out of 5 stars,41,https://www.amazon.in/MONTREZ-Womens-Regular-MNTBTFY-4131_Baby-Pink_Medium/dp/B08DKYSJFS/ref=sr_1_51?dchild=1&keywords=women+jackets&qid=1625062655&sr=8-51
FurryFlair Women's Solid Regular Jacket  ,,,,"₹1,499",₹384,"Save ₹1,115 (74%)",3.8 out of 5 stars,362,https://www.amazon.in/FurryFlair-Sleeve-Womens-Jacket-Medium/dp/B07Z9GP637/ref=sr_1_52?dchild=1&keywords=women+jackets&qid=1625062655&sr=8-52
Cazibe womens Women's Jacket  ,,,,"₹3,399",₹699,"Save ₹2,700 (79%)",4.2 out of 5 stars,295,https://www.amazon.in/Cazibe-Womens-Quilted-Jacket-39222BT_Fawn_L/dp/B07TGDJDM1/ref=sr_1_53?dchild=1&keywords=women+jackets&qid=1625062655&sr=8-53
KING-DENIM Shree Kmt Enterprises Full Sleeves Comfort Fit Regular Collar Blue Jacket for Women  ,,,,"₹1,899",₹399,"Save ₹1,500 (79%)",3.8 out of 5 stars,15,https://www.amazon.in/KING-DENIM-Enterprises-Sleeves-Comfort-Regular/dp/B07NVK1RC9/ref=sr_1_54?dchild=1&keywords=women+jackets&qid=1625062655&sr=8-54
Prokick Women's Hooded Fleece Jacket  ,,,,"₹1,499",₹499,"Save ₹1,000 (67%)",4.7 out of 5 stars,5,https://www.amazon.in/Prokick-Womens-Hooded-Fleece-Jacket/dp/B08X6KXWM1/ref=sr_1_55?dchild=1&keywords=women+jackets&qid=1625062655&sr=8-55
KING-DENIM Women's Solid Regular Jacket (KNGDENSATI33_Jet Black_Small)  ,,,,₹599,₹359,Save ₹240 (40%),3.5 out of 5 stars,19,https://www.amazon.in/KING-DENIM-Womens-Regular-KNGDENSATI33_Jet-Black_Small/dp/B08FF6YRN6/ref=sr_1_56?dchild=1&keywords=women+jackets&qid=1625062655&sr=8-56
RIVER Women's Jacket  ,,Sponsored,Only 4 left in stock.,"₹5,999","₹2,249","Save ₹3,750 (63%)",4.5 out of 5 stars,14,https://www.amazon.in/gp/slredirect/picassoRedirect.html/ref=pa_sp_btf_aps_sr_pg1_1?ie=UTF8&adId=A093460818SOBAKKDEVW5&url=%2FRiver-Womens-Jacket-DBSPL03SW003_Snow-White_XL%2Fdp%2FB0852CT5HS%2Fref%3Dsr_1_57_sspa%3Fdchild%3D1%26keywords%3Dwomen%2Bjackets%26qid%3D1625062655%26sr%3D8-57-spons%26psc%3D1&qualifier=1625062655&id=5008379988657947&widgetName=sp_btf
Miss Chase Women's Light Blue Collared Full Sleeves Solid Buttoned Denim Jacket  ,,Sponsored,Only 5 left in stock.,"₹1,999",₹799,"Save ₹1,200 (60%)",3.7 out of 5 stars,45,https://www.amazon.in/gp/slredirect/picassoRedirect.html/ref=pa_sp_btf_aps_sr_pg1_1?ie=UTF8&adId=A03018612SJRBYECVVQO8&url=%2FMiss-Chase-Womens-MCAW18DEN05-11-158-04_Light-Blue_Medium%2Fdp%2FB07JN8X4RQ%2Fref%3Dsr_1_58_sspa%3Fdchild%3D1%26keywords%3Dwomen%2Bjackets%26qid%3D1625062655%26sr%3D8-58-spons%26psc%3D1&qualifier=1625062655&id=5008379988657947&widgetName=sp_btf
Miss Chase Women's Multicolored Turtle-Neck Full Sleeves Solid Color-Block Regular length Jacket  ,,Sponsored,,"₹1,849",₹759,"Save ₹1,090 (59%)",3.6 out of 5 stars,19,https://www.amazon.in/gp/slredirect/picassoRedirect.html/ref=pa_sp_btf_aps_sr_pg1_1?ie=UTF8&adId=A032323728NRBNPHCL38A&url=%2FMiss-Chase-Multicolour-MCAW19JKT02-78-178-03-Multi-Coloured%2Fdp%2FB0811TX1PR%2Fref%3Dsr_1_59_sspa%3Fdchild%3D1%26keywords%3Dwomen%2Bjackets%26qid%3D1625062655%26sr%3D8-59-spons%26psc%3D1&qualifier=1625062655&id=5008379988657947&widgetName=sp_btf
Miss Chase Women's Light Blue Hooded Full Sleeves Solid Tie-Up Detailing Long Denim Jacket  ,,Sponsored,Only 1 left in stock.,"₹2,399",₹759,"Save ₹1,640 (68%)",4.2 out of 5 stars,54,https://www.amazon.in/gp/slredirect/picassoRedirect.html/ref=pa_sp_btf_aps_sr_pg1_1?ie=UTF8&adId=A029989726S7VFGVAFBP3&url=%2FMiss-Chase-Womens-Hoodie-MCAW19DEN05-54-158-04%2Fdp%2FB0811W6SLG%2Fref%3Dsr_1_60_sspa%3Fdchild%3D1%26keywords%3Dwomen%2Bjackets%26qid%3D1625062655%26sr%3D8-60-spons%26psc%3D1&qualifier=1625062655&id=5008379988657947&widgetName=sp_btf
Scott International Women's Striped Regular Jacket  ,,Sponsored,,"₹2,999",₹598,"Save ₹2,401 (80%)",3.9 out of 5 stars,28,https://www.amazon.in/gp/slredirect/picassoRedirect.html/ref=pa_sp_atf_next_aps_sr_pg2_1?ie=UTF8&adId=A09706742QXAJO0L8BIMG&url=%2FScott-Wrinkle-Dryfit-Jacket-Stripes%2Fdp%2FB01C7ARY2C%2Fref%3Dsr_1_49_sspa%3Fdchild%3D1%26keywords%3Dwomen%2Bjackets%26qid%3D1625062679%26sr%3D8-49-spons%26psc%3D1&qualifier=1625062679&id=7826766947000852&widgetName=sp_atf_next
Columbia Women's Arcadia Ii Jacket  ,,Sponsored,Only 5 left in stock.,"₹5,499","₹4,729",Save ₹770 (14%),4.7 out of 5 stars,"6,247",https://www.amazon.in/gp/slredirect/picassoRedirect.html/ref=pa_sp_atf_next_aps_sr_pg2_1?ie=UTF8&adId=A017136932E6NE9GOS9IE&url=%2FColumbia-Womens-Arcadia-Jacket-Violet%2Fdp%2FB0721RSZ28%2Fref%3Dsr_1_50_sspa%3Fdchild%3D1%26keywords%3Dwomen%2Bjackets%26qid%3D1625062679%26sr%3D8-50-spons%26psc%3D1&qualifier=1625062679&id=7826766947000852&widgetName=sp_atf_next
Columbia Women's Blouson Jacket  ,,Sponsored,Only 2 left in stock.,"₹11,999","₹10,319","Save ₹1,680 (14%)",4.4 out of 5 stars,9,https://www.amazon.in/gp/slredirect/picassoRedirect.html/ref=pa_sp_atf_next_aps_sr_pg2_1?ie=UTF8&adId=A06392743UQMYF2DAO0Y1&url=%2FColumbia-1832351-Womens-Jacket-WL0196_Pond_Small%2Fdp%2FB07DQ7YK5K%2Fref%3Dsr_1_51_sspa%3Fdchild%3D1%26keywords%3Dwomen%2Bjackets%26qid%3D1625062679%26sr%3D8-51-spons%26psc%3D1&qualifier=1625062679&id=7826766947000852&widgetName=sp_atf_next
Columbia Women's Jacket (WL0919-548-XL_Pale Purple_X-Large)  ,,Sponsored,Only 4 left in stock.,"₹12,999","₹11,179","Save ₹1,820 (14%)",4.7 out of 5 stars,657,https://www.amazon.in/gp/slredirect/picassoRedirect.html/ref=pa_sp_atf_next_aps_sr_pg2_1?ie=UTF8&adId=A07148612RX6WEU8JVV6C&url=%2FColumbia-Womens-Jacket-WL0919-548-M_Pale-Purple_Medium%2Fdp%2FB07JCKDCN5%2Fref%3Dsr_1_52_sspa%3Fdchild%3D1%26keywords%3Dwomen%2Bjackets%26qid%3D1625062679%26sr%3D8-52-spons%26psc%3D1&qualifier=1625062679&id=7826766947000852&widgetName=sp_atf_next
Puma womens Track Jacket  ,,,,"₹3,299","₹1,676","Save ₹1,623 (49%)",,,https://www.amazon.in/PUMA-Wmn-Track-Jkt-Black/dp/B08WWRPNW1/ref=sr_1_53?dchild=1&keywords=women+jackets&qid=1625062679&sr=8-53
"Generic SAF CREATIONS Self Design Plan Women Cotton Jacket (L, Blue)  ",,,,"₹1,099",₹359,Save ₹740 (67%),,,https://www.amazon.in/CREATIONS-Design-Women-Cotton-Jacket/dp/B08M3Z1XXF/ref=sr_1_54?dchild=1&keywords=women+jackets&qid=1625062679&sr=8-54
Antik Women's Plain / Solid Regular Jacket  ,,,,"₹1,499",₹369,"Save ₹1,130 (75%)",3.5 out of 5 stars,23,https://www.amazon.in/Antik-Sleeve-Comfort-Regular-Collar/dp/B07RPH4324/ref=sr_1_55?dchild=1&keywords=women+jackets&qid=1625062679&sr=8-55
KING-DENIM Women's Solid Regular Jacket  ,,,,₹999,₹385,Save ₹614 (61%),3.7 out of 5 stars,132,https://www.amazon.in/KING-DENIM-Enterprises-Sleeves-Comfort-Regular/dp/B0855P93ZF/ref=sr_1_56?dchild=1&keywords=women+jackets&qid=1625062679&sr=8-56
absorbing Women Full Sleeve Solid Jacket  ,,,,"₹1,999",₹349,"Save ₹1,650 (83%)",,,https://www.amazon.in/absorbing-Women-Sleeve-White-Jacket/dp/B08WRNYR5V/ref=sr_1_57?dchild=1&keywords=women+jackets&qid=1625062679&sr=8-57
mayra Women Jacket  ,,,,,₹419,,4.1 out of 5 stars,6,https://www.amazon.in/mayra-1909W11404_M-Womens-Jacket-1909W11404_M_White_Medium/dp/B084NX5ZQJ/ref=sr_1_58?dchild=1&keywords=women+jackets&qid=1625062679&sr=8-58
Miss Chase Women's Cotton Full Sleeves Regular Fit Bomber Jacket | 2 Colors  ,,,,"₹1,749",₹764,Save ₹985 (56%),3.5 out of 5 stars,53,https://www.amazon.in/Miss-Chase-Womens-Bomber-Jacket/dp/B07FKQSR8V/ref=sr_1_49?dchild=1&keywords=women+jackets&qid=1625062679&sr=8-49
Miss Chase Women's Black V-Neck Full Sleeves Loop Knit Ribbed Solid Bomber Cropped Jacket  ,,,,"₹1,849",₹684,"Save ₹1,165 (63%)",4.0 out of 5 stars,38,https://www.amazon.in/Miss-Chase-Womens-MCAW19JKT02-99-62-02-X-Small/dp/B0811V92NN/ref=sr_1_50?dchild=1&keywords=women+jackets&qid=1625062679&sr=8-50
Scott International Women's Solid Regular Jacket  ,,,,"₹2,999",₹599,"Save ₹2,400 (80%)",3.6 out of 5 stars,87,https://www.amazon.in/Scott-Sleeveless-withzip-BlackFBA-ljslv2l/dp/B01BNM84TW/ref=sr_1_51?dchild=1&keywords=women+jackets&qid=1625062679&sr=8-51
Fusefit Women Jacket  ,,,,"₹1,999",₹499,"Save ₹1,500 (75%)",4.4 out of 5 stars,33,https://www.amazon.in/Fusefit-Blouson-FF-WMNS-JKT_Grey_M/dp/B07WR33FB7/ref=sr_1_52?dchild=1&keywords=women+jackets&qid=1625062679&sr=8-52
Shocknshop Women's Denim Regular Fit Jacket (Light Blue)  ,,,,"₹1,299",₹799,Save ₹500 (38%),3.9 out of 5 stars,221,https://www.amazon.in/Shocknshop-Sleeves-Comfort-Regular-Turn-Down/dp/B07V9GNY61/ref=sr_1_53?dchild=1&keywords=women+jackets&qid=1625062679&sr=8-53
Adiba Women's Self-Design Jacket  ,,,,"₹1,499",₹379,"Save ₹1,120 (75%)",3.8 out of 5 stars,275,https://www.amazon.in/Adiba-Womens-Denim-Jacket-Small/dp/B07MKYP7CQ/ref=sr_1_54?dchild=1&keywords=women+jackets&qid=1625062679&sr=8-54
MONTREZ 3/4th Sleeve Solid Women Jacket…  ,,,,"₹1,999",₹399,"Save ₹1,600 (80%)",3.9 out of 5 stars,992,https://www.amazon.in/MONTREZ-Womens-Regular-Jacket-MNT-4060_White_Medium/dp/B08GCPJKWF/ref=sr_1_55?dchild=1&keywords=women+jackets&qid=1625062679&sr=8-55
Banjara India Women's Jacket  ,,,,"₹1,199",₹379,Save ₹820 (68%),3.5 out of 5 stars,184,https://www.amazon.in/Banjara-MJK-CHK-Womens-Jacket-MJK-CHK_Black_Free/dp/B0725KRYXF/ref=sr_1_56?dchild=1&keywords=women+jackets&qid=1625062679&sr=8-56
Miss Olive Women's Multicolor Solid Tie-Up Jacket  ,,,,"₹2,699",₹549,"Save ₹2,150 (80%)",3.2 out of 5 stars,17,https://www.amazon.in/Miss-Olive-Multicolor-MOAW19SWT01-84-213-03-Multicolor-Base/dp/B08D3KQPY5/ref=sr_1_57?dchild=1&keywords=women+jackets&qid=1625062679&sr=8-57
Miss Olive Women's Hooded Solid Jacket  ,,,,"₹2,399",₹899,"Save ₹1,500 (63%)",4.3 out of 5 stars,8,https://www.amazon.in/Miss-Olive-Womens-Hooded-MOAW19JKT02-89-187-05/dp/B08D3PZ4PZ/ref=sr_1_58?dchild=1&keywords=women+jackets&qid=1625062679&sr=8-58
RIVER Women's Blouson Slim_fit Jacket  ,,Sponsored,,"₹6,999","₹2,623","Save ₹4,376 (63%)",4.4 out of 5 stars,8,https://www.amazon.in/gp/slredirect/picassoRedirect.html/ref=pa_sp_mtf_aps_sr_pg2_1?ie=UTF8&adId=A09347882EI0Q97BEF5Q7&url=%2FRiver-Womens-Jacket-DBSPL03JK001_-Wash_%2Fdp%2FB0852CPPDK%2Fref%3Dsr_1_59_sspa%3Fdchild%3D1%26keywords%3Dwomen%2Bjackets%26qid%3D1625062679%26sr%3D8-59-spons%26psc%3D1&qualifier=1625062679&id=7826766947000852&widgetName=sp_mtf
Miss Chase Women's Blue Polo Neck Full Sleeves Solid Buttoned Rib Detailing Denim Bomber Jacket  ,,Sponsored,,"₹1,999",₹719,"Save ₹1,280 (64%)",4.0 out of 5 stars,17,https://www.amazon.in/gp/slredirect/picassoRedirect.html/ref=pa_sp_mtf_aps_sr_pg2_1?ie=UTF8&adId=A05007021TEI94JIF74L0&url=%2FMiss-Chase-Womens-Varsity-MCAW18DEN05-12-158_Blue_X-Small%2Fdp%2FB07L95M6CZ%2Fref%3Dsr_1_60_sspa%3Fdchild%3D1%26keywords%3Dwomen%2Bjackets%26qid%3D1625062679%26sr%3D8-60-spons%26psc%3D1&qualifier=1625062679&id=7826766947000852&widgetName=sp_mtf
Miss Chase Women's White Collared Neck Full Sleeves Denim Solid Cropped Jacket  ,,Sponsored,,"₹2,899",₹869,"Save ₹2,030 (70%)",3.7 out of 5 stars,8,https://www.amazon.in/gp/slredirect/picassoRedirect.html/ref=pa_sp_mtf_aps_sr_pg2_1?ie=UTF8&adId=A04454792ZO88M3MJ92FU&url=%2FMiss-Chase-Womens-Jacket-MCAW19DEN05-70-82-05%2Fdp%2FB0811TB4C6%2Fref%3Dsr_1_61_sspa%3Fdchild%3D1%26keywords%3Dwomen%2Bjackets%26qid%3D1625062679%26sr%3D8-61-spons%26psc%3D1&qualifier=1625062679&id=7826766947000852&widgetName=sp_mtf
RIVER Women's Jacket  ,,Sponsored,Only 1 left in stock.,"₹5,999","₹2,249","Save ₹3,750 (63%)",4.5 out of 5 stars,14,https://www.amazon.in/gp/slredirect/picassoRedirect.html/ref=pa_sp_mtf_aps_sr_pg2_1?ie=UTF8&adId=A093488839IT20T9NRCH2&url=%2FRiver-Womens-Jacket-DBSPL03SW003_Jet-Black_l%2Fdp%2FB0852CKT4Z%2Fref%3Dsr_1_62_sspa%3Fdchild%3D1%26keywords%3Dwomen%2Bjackets%26qid%3D1625062679%26sr%3D8-62-spons%26psc%3D1&qualifier=1625062679&id=7826766947000852&widgetName=sp_mtf
Banjara India Women's Poly Cotton Embroidered Kutchi Short Jacket/Koti (SJK-DND06_Pink_Free Size)  ,,,,₹999,₹349,Save ₹650 (65%),3.6 out of 5 stars,58,https://www.amazon.in/Banjara-Womens-Jacket-SJK-DND06_Pink_Free-Inches/dp/B071Z48HL5/ref=sr_1_63?dchild=1&keywords=women+jackets&qid=1625062679&sr=8-63
DIMPY GARMENTS Women's Regular Jacket  ,,,,"₹1,499",₹399,"Save ₹1,100 (73%)",3.9 out of 5 stars,"1,221",https://www.amazon.in/DIMPY-GARMENTS-Womens-Stone-Jacket/dp/B07MJ1D59K/ref=sr_1_64?dchild=1&keywords=women+jackets&qid=1625062679&sr=8-64
Miss Chase Women's Light Blue Hooded Full Sleeves Solid Tie-Up Detailing Long Denim Jacket  ,,,,"₹2,399",₹759,"Save ₹1,640 (68%)",4.2 out of 5 stars,54,https://www.amazon.in/Miss-Chase-Womens-Hoodie-MCAW19DEN05-54-158-03/dp/B0811TQQDL/ref=sr_1_65?dchild=1&keywords=women+jackets&qid=1625062679&sr=8-65
MONTREZ Denim Full Sleeves Comfort Fit Regular Collar Blue Jacket for Women  ,,,,"₹1,499",₹379,"Save ₹1,120 (75%)",4.0 out of 5 stars,13,https://www.amazon.in/MONTREZ-Womens-Sleeves-Comfort-Regular/dp/B07MW7NZ47/ref=sr_1_66?dchild=1&keywords=women+jackets&qid=1625062679&sr=8-66
Banjara India India Kutchi Short Jacket (Bullet)  ,,,,₹999,₹349,Save ₹650 (65%),3.6 out of 5 stars,849,https://www.amazon.in/Banjara-SJK-BLT-Womens-Jacket-SJK-BLT_Pink_Free/dp/B0722ZLTX1/ref=sr_1_67?dchild=1&keywords=women+jackets&qid=1625062679&sr=8-67
Fusefit womens Jacket  ,,,,"₹1,999",₹499,"Save ₹1,500 (75%)",4.4 out of 5 stars,36,https://www.amazon.in/Fusefit-Blouson-FF-WMNS-JKT_Navy_S/dp/B07WR33FB3/ref=sr_1_68?dchild=1&keywords=women+jackets&qid=1625062679&sr=8-68
Qube By Fort Collins Women's Cape Nylon Jacket  ,,,,"₹2,199",₹979,"Save ₹1,220 (55%)",4.2 out of 5 stars,367,https://www.amazon.in/Qube-Fort-Collins-Womens-39203_Blue_M/dp/B073JVZJZP/ref=sr_1_69?dchild=1&keywords=women+jackets&qid=1625062679&sr=8-69
Generic Women's Solid Regular Jacket  ,,,,"₹1,399",₹471,Save ₹928 (66%),3.7 out of 5 stars,17,https://www.amazon.in/Denim-Sleeves-Jacket-Collar-Button/dp/B082CYZ1WQ/ref=sr_1_70?dchild=1&keywords=women+jackets&qid=1625062679&sr=8-70
TINCH CLOTHES Full Sleeve Solid Women Denim Jacket  ,,,,₹699,₹381,Save ₹318 (45%),5.0 out of 5 stars,1,https://www.amazon.in/TINCH-CLOTHES-Sleeve-Solid-Jacket/dp/B096S26SZC/ref=sr_1_71?dchild=1&keywords=women+jackets&qid=1625062679&sr=8-71
FUNDAY FASHION Women's Cotton Twill Long Jacket  ,,,,"₹1,899",₹699,"Save ₹1,200 (63%)",4.6 out of 5 stars,3,https://www.amazon.in/FUNDAY-FASHION-Womens-Cotton-Jacket/dp/B08V4YM5VV/ref=sr_1_72?dchild=1&keywords=women+jackets&qid=1625062679&sr=8-72
Qube By Fort Collins Women's Jacket  ,,,,"₹2,399",₹979,"Save ₹1,420 (59%)",4.1 out of 5 stars,"1,104",https://www.amazon.in/Qube-Fort-Collins-Womens-39277AZ_2_Black_Large/dp/B07SFY6NSX/ref=sr_1_73?dchild=1&keywords=women+jackets&qid=1625062679&sr=8-73
Qube By Fort Collins Women's Jacket  ,,,,"₹2,299",₹989,"Save ₹1,310 (57%)",4.2 out of 5 stars,220,https://www.amazon.in/Qube-Fort-Collins-Womens-39324Q_Yellow_X-Large/dp/B08C34B5WM/ref=sr_1_74?dchild=1&keywords=women+jackets&qid=1625062679&sr=8-74
Romile Women's Solid Regular Jacket  ,,,,"₹1,499",₹479,"Save ₹1,020 (68%)",3.8 out of 5 stars,318,https://www.amazon.in/Romile-Party-wear-Fancy-Size/dp/B07D2C583Z/ref=sr_1_75?dchild=1&keywords=women+jackets&qid=1625062679&sr=8-75
KING-DENIM Women's Solid Regular Jacket  ,,,,₹999,₹389,Save ₹610 (61%),4.0 out of 5 stars,341,https://www.amazon.in/KING-DENIM-Enterprises-Womens-Sleeves-Regular/dp/B07NVDWLXC/ref=sr_1_76?dchild=1&keywords=women+jackets&qid=1625062679&sr=8-76
DIMPY GARMENTS BuyNewTrend Solid Blue Denim Buttoned Jacket For Women  ,,,,"₹1,499",₹399,"Save ₹1,100 (73%)",3.6 out of 5 stars,4,https://www.amazon.in/Dimpy-Garments-BuyNewTrend-Buttoned-Jacket/dp/B08SQ9PFKX/ref=sr_1_77?dchild=1&keywords=women+jackets&qid=1625062679&sr=8-77
Wildcraft Women's fleece jacket solid pink  ,,,,"₹1,499","₹1,299",Save ₹200 (13%),3.6 out of 5 stars,11,https://www.amazon.in/Wildcraft-Womens-fleece-jacket-solid/dp/B08LT8733H/ref=sr_1_78?dchild=1&keywords=women+jackets&qid=1625062679&sr=8-78
